PlaceCuve:	2.084557:2.483961E-18:-0.1118676	0.5868815:0.6127707:0.9387761
PlaceCuve:	2.091565:1:-0.4194767	0.5037236:0.6867492:0.9090264
PlaceCuve:	26.53521:4.757257:-1.112234	0.9411115:0.6918401:0.5967236
PlaceCuve:	26.22035:4.288413:-0.6869197	0.8038005:0.6398984:0.687218
